Parent_name,g_n,coordinates,Child_name,g_n,coordinates 
SU,0,32.232604063243265,-110.95197266677702,SIE,150,32.2327352223604,-110.95267011063737
SU,0,32.232604063243265,-110.95197266677702,MME,200,32.233574398505276,-110.95335551037074
SU,0,32.232604063243265,-110.95197266677702,2ndStG,140,32.233545763051225,-110.95179277951911 
SIE,150,32.2327352223604,-110.95267011063737,ChBld,244,32.23262271472465,-110.95423915868712
MME,200,32.233574398505276,-110.95335551037074,YH,300,32.233534006940666,-110.95435838381005
MME,200,32.233574398505276,-110.95335551037074,SofI,317,32.23419476242371,-110.95376081490717
MME,200,32.233574398505276,-110.95335551037074,S&Hsci,370,32.234192493610195,-110.95454670213374
2ndStG,140,32.233545763051225,-110.95179277951911,IofR,235,32.23419253833035,-110.9512783898375
IofR,235,32.23419253833035,-110.9512783898375,S&Hsci,370,32.234192493610195,-110.95454670213374
ChBld,244,32.23262271472465,-110.95423915868712,YH,300,32.233534006940666,-110.95435838381005
S&Hsci,370,32.234192493610195,-110.95454670213374,ECE,400,32.235242990001886,-110.95327286719751
SofI,317,32.23419476242371,-110.95376081490717,CCP,493,32.2350722883737,-110.95465243260549
CCP,493,32.2350722883737,-110.95465243260549,ArchB,545,32.23574110111638,-110.95411648633188
YH,300,32.233534006940666,-110.95435838381005,SofI,317,32.23419476242371,-110.95376081490717